-0.7269 0.1889
-0.7589 0.05
-0.4 0.6
-0.6 0.45
-0.7 0.27015 
-0.764 0.1
-0.70176 -0.3842
-0.55 0.55
-0.79 0.15
-0.745429 0.113008
-0.8 0.156
-0.835 -0.2321
-0.1 0.651
-0.11 0.6557
-0.2 0.75
0.285 0.01
0.285 0.53
0.278 0.008
-0.12 0.75
0.32 0.043
0.355 0.355
-0.775683 0.136467
-0.673245 0.40231
-0.51234 0.61288
-0.845922 0.084339
-0.63415 -0.24791
-0.55322 0.5237
-0.8681 -0.0423
-0.742 0.169
-0.8122 0.1103
-0.78859 -0.08143
-0.84235 0.21527
-0.37841 0.6623
-0.28 0.7331
0.353 0.288
0.2981 0.0238
0.31457 0.0556
0.27215 0.0942
0.33199 0.2811
0.24 0.556
0.24 0.516
0.34 0.541
0.2120.541
0.2070.541
0.2070.599
0.2070.539
0.2070.569
0.2470.569
0.2570.569
0.3460.569
0.3730.364
0.3512 0.364
0.3592 0.364
0.3613 0.364
0.3713 0.364
0.2913 0.464

